%YAML 1.0
intrinsics: !!opencv-matrix
   rows: 3
   cols: 3
   dt: d
   data: [ 580.6591832353407, 0.0, 321.4193598367599, 0.0, 573.9894947230412, 226.92888265179954, 0.0, 0.0, 1.0 ]
distortion_coefficients:  !!opencv-matrix
   rows: 5
   cols: 1
   dt: d
   data: [-1.0098540694329698, 4.499037266802582, -0.0027357231215274216, -0.036027336969638814, -10.2946854900854]

